$ 1 0.000005 7.619785657297057 50 5 43 5e-11
g 16 128 -48 128 0 0
R -32 176 -64 176 0 0 40 5 0 0 0.5
r -32 176 16 176 0 10000
s 16 128 16 176 0 1 false
w 16 176 160 176 0
151 32 256 96 256 0 2 0 5
w 16 176 16 240 0
w 16 240 32 240 0
w 16 240 16 272 0
w 16 272 32 272 0
w 96 256 160 256 0
151 160 160 224 160 0 2 0 5
151 160 272 224 272 0 2 5 5
w 160 144 112 144 0
w 112 144 112 16 0
w 160 288 112 288 0
w 112 288 112 400 0
151 608 224 672 224 0 2 5 5
w 528 160 608 160 0
w 608 160 608 208 0
w 608 240 608 272 0
w 608 272 528 272 0
w 672 224 848 224 0
R 112 16 112 -32 1 2 100 5 5 0 0.5
r 64 400 112 400 0 10000
g 64 400 32 400 0 0
R 112 448 112 480 0 0 40 5 0 0 0.5
s 112 400 112 448 0 1 true
w 224 160 528 160 0
w 224 272 528 272 0
